#
#
#
#
0.000000e+00	2.893087e-02	3.019650e-01	-2.057534e-01
4.000000e-03	2.808584e-02	2.937220e-01	-2.189325e-01
8.000000e-03	2.718555e-02	2.849034e-01	-2.317803e-01
1.200000e-02	2.623136e-02	2.755226e-01	-2.442712e-01
1.600000e-02	2.522476e-02	2.655940e-01	-2.563807e-01
2.000000e-02	2.416733e-02	2.551332e-01	-2.680846e-01
2.400000e-02	2.306074e-02	2.441569e-01	-2.793592e-01
2.800000e-02	2.190678e-02	2.326826e-01	-2.901819e-01
3.200000e-02	2.070733e-02	2.207292e-01	-3.005304e-01
3.600000e-02	1.946436e-02	2.083162e-01	-3.103836e-01
4.000000e-02	1.817994e-02	1.954644e-01	-3.197207e-01
4.400000e-02	1.685622e-02	1.821954e-01	-3.285223e-01
4.800000e-02	1.549543e-02	1.685315e-01	-3.367696e-01
5.200000e-02	1.409988e-02	1.544961e-01	-3.444448e-01
5.600000e-02	1.267196e-02	1.401134e-01	-3.515311e-01
6.000000e-02	1.121413e-02	1.254082e-01	-3.580127e-01
6.400000e-02	9.728919e-03	1.104061e-01	-3.638749e-01
6.800000e-02	8.218915e-03	9.513346e-02	-3.691041e-01
7.200000e-02	6.686765e-03	7.961712e-02	-3.736878e-01
7.600000e-02	5.135169e-03	6.388463e-02	-3.776147e-01
8.000000e-02	3.566875e-03	4.796399e-02	-3.808746e-01
8.400000e-02	1.984676e-03	3.188374e-02	-3.834586e-01
8.800000e-02	3.914002e-04	1.567279e-02	-3.853589e-01
9.200000e-02	-1.210088e-03	-6.395263e-04	-3.865691e-01
9.600000e-02	-2.816900e-03	-1.702359e-02	-3.870840e-01
1.000000e-01	-4.426121e-03	-3.344950e-02	-3.868996e-01
1.040000e-01	-6.034821e-03	-4.988717e-02	-3.860134e-01
1.080000e-01	-7.640061e-03	-6.630632e-02	-3.844240e-01
1.120000e-01	-9.238894e-03	-8.267663e-02	-3.821315e-01
1.160000e-01	-1.082837e-02	-9.896771e-02	-3.791372e-01
1.200000e-01	-1.240555e-02	-1.151492e-01	-3.754437e-01
1.240000e-01	-1.396750e-02	-1.311908e-01	-3.710550e-01
1.280000e-01	-1.551132e-02	-1.470625e-01	-3.659765e-01
1.320000e-01	-1.703409e-02	-1.627342e-01	-3.602148e-01
1.360000e-01	-1.853298e-02	-1.781764e-01	-3.537778e-01
1.400000e-01	-2.000513e-02	-1.933595e-01	-3.466748e-01
1.440000e-01	-2.144776e-02	-2.082548e-01	-3.389163e-01
1.480000e-01	-2.285813e-02	-2.228335e-01	-3.305141e-01
1.520000e-01	-2.423354e-02	-2.370677e-01	-3.214813e-01
1.560000e-01	-2.557133e-02	-2.509299e-01	-3.118322e-01
1.600000e-01	-2.686894e-02	-2.643930e-01	-3.015824e-01
1.640000e-01	-2.812385e-02	-2.774310e-01	-2.907485e-01
1.680000e-01	-2.933361e-02	-2.900181e-01	-2.793484e-01
1.720000e-01	-3.049584e-02	-3.021296e-01	-2.674012e-01
1.760000e-01	-3.160827e-02	-3.137415e-01	-2.549269e-01
1.800000e-01	-3.266868e-02	-3.248307e-01	-2.419466e-01
1.840000e-01	-3.367497e-02	-3.353750e-01	-2.284827e-01
1.880000e-01	-3.462510e-02	-3.453531e-01	-2.145582e-01
1.920000e-01	-3.551716e-02	-3.547448e-01	-2.001973e-01
1.960000e-01	-3.634932e-02	-3.635307e-01	-1.854251e-01
2.000000e-01	-3.711987e-02	-3.716929e-01	-1.702673e-01
2.040000e-01	-3.782720e-02	-3.792141e-01	-1.547507e-01
2.080000e-01	-3.846982e-02	-3.860787e-01	-1.389028e-01
2.120000e-01	-3.904635e-02	-3.922719e-01	-1.227517e-01
2.160000e-01	-3.955553e-02	-3.977802e-01	-1.063262e-01
2.200000e-01	-3.999623e-02	-4.025914e-01	-8.965570e-02
2.240000e-01	-4.036744e-02	-4.066947e-01	-7.277027e-02
2.280000e-01	-4.066826e-02	-4.100804e-01	-5.570033e-02
2.320000e-01	-4.089795e-02	-4.127403e-01	-3.847676e-02
2.360000e-01	-4.105587e-02	-4.146673e-01	-2.113084e-02
2.400000e-01	-4.114154e-02	-4.158559e-01	-3.694170e-03
2.440000e-01	-4.115458e-02	-4.163019e-01	1.380142e-02
2.480000e-01	-4.109479e-02	-4.160026e-01	3.132388e-02
2.520000e-01	-4.096205e-02	-4.149565e-01	4.884105e-02
2.560000e-01	-4.075642e-02	-4.131635e-01	6.632067e-02
2.600000e-01	-4.047808e-02	-4.106253e-01	8.373051e-02
2.640000e-01	-4.012735e-02	-4.073444e-01	1.010384e-01
2.680000e-01	-3.970467e-02	-4.033253e-01	1.182121e-01
2.720000e-01	-3.921064e-02	-3.985735e-01	1.352200e-01
2.760000e-01	-3.864598e-02	-3.930961e-01	1.520302e-01
2.800000e-01	-3.801154e-02	-3.869015e-01	1.686114e-01
2.840000e-01	-3.730831e-02	-3.799995e-01	1.849326e-01
2.880000e-01	-3.653740e-02	-3.724013e-01	2.009633e-01
2.920000e-01	-3.570007e-02	-3.641193e-01	2.166734e-01
2.960000e-01	-3.479768e-02	-3.551673e-01	2.320333e-01
3.000000e-01	-3.383173e-02	-3.455606e-01	2.470142e-01
3.040000e-01	-3.280384e-02	-3.353154e-01	2.615877e-01
3.080000e-01	-3.171574e-02	-3.244493e-01	2.757264e-01
3.120000e-01	-3.056928e-02	-3.129812e-01	2.894034e-01
3.160000e-01	-2.936643e-02	-3.009311e-01	3.025928e-01
3.200000e-01	-2.810926e-02	-2.883200e-01	3.152695e-01
3.240000e-01	-2.679995e-02	-2.751702e-01	3.274094e-01
3.280000e-01	-2.544077e-02	-2.615049e-01	3.389894e-01
3.320000e-01	-2.403408e-02	-2.473485e-01	3.499872e-01
3.360000e-01	-2.258237e-02	-2.327261e-01	3.603819e-01
3.400000e-01	-2.108818e-02	-2.176639e-01	3.701534e-01
3.440000e-01	-1.955415e-02	-2.021890e-01	3.792830e-01
3.480000e-01	-1.798299e-02	-1.863291e-01	3.877531e-01
3.520000e-01	-1.637748e-02	-1.701129e-01	3.955472e-01
3.560000e-01	-1.474047e-02	-1.535697e-01	4.026502e-01
3.600000e-01	-1.307489e-02	-1.367294e-01	4.090483e-01
3.640000e-01	-1.138370e-02	-1.196226e-01	4.147289e-01
3.680000e-01	-9.669926e-03	-1.022804e-01	4.196810e-01
3.720000e-01	-7.936630e-03	-8.473431e-02	4.238946e-01
3.760000e-01	-6.186918e-03	-6.701632e-02	4.273614e-01
3.800000e-01	-4.423931e-03	-4.915874e-02	4.300744e-01
3.840000e-01	-2.650834e-03	-3.119421e-02	4.320279e-01
3.880000e-01	-8.708143e-04	-1.315556e-02	4.332177e-01
3.920000e-01	9.129266e-04	4.924208e-03	4.336413e-01
3.960000e-01	2.697177e-03	2.301200e-02	4.332973e-01
4.000000e-01	4.478725e-03	4.107469e-02	4.321858e-01
4.040000e-01	6.254358e-03	5.907917e-02	4.303086e-01
4.080000e-01	8.020878e-03	7.699245e-02	4.276687e-01
4.120000e-01	9.775099e-03	9.478169e-02	4.242707e-01
4.160000e-01	1.151386e-02	1.124143e-01	4.201204e-01
4.200000e-01	1.323402e-02	1.298579e-01	4.152254e-01
4.240000e-01	1.493249e-02	1.470805e-01	4.095944e-01
4.280000e-01	1.660620e-02	1.640506e-01	4.032376e-01
4.320000e-01	1.825213e-02	1.807371e-01	3.961665e-01
4.360000e-01	1.986734e-02	1.971095e-01	3.883942e-01
4.400000e-01	2.144890e-02	2.131378e-01	3.799349e-01
4.440000e-01	2.299398e-02	2.287928e-01	3.708041e-01
4.480000e-01	2.449981e-02	2.440458e-01	3.610186e-01
4.520000e-01	2.596368e-02	2.588690e-01	3.505965e-01
4.560000e-01	2.738297e-02	2.732355e-01	3.395570e-01
4.600000e-01	2.875515e-02	2.871192e-01	3.279207e-01
4.640000e-01	3.007776e-02	3.004948e-01	3.157090e-01
4.680000e-01	3.134847e-02	3.133382e-01	3.029445e-01
4.720000e-01	3.256499e-02	3.256263e-01	2.896509e-01
4.760000e-01	3.372520e-02	3.373368e-01	2.758528e-01
4.800000e-01	3.482703e-02	3.484488e-01	2.615759e-01
4.840000e-01	3.586854e-02	3.589424e-01	2.468465e-01
4.880000e-01	3.684793e-02	3.687990e-01	2.316921e-01
4.920000e-01	3.776347e-02	3.780011e-01	2.161406e-01
4.960000e-01	3.861359e-02	3.865327e-01	2.002210e-01
5.000000e-01	3.939683e-02	3.943787e-01	1.839626e-01
5.040000e-01	4.011184e-02	4.015256e-01	1.673956e-01
5.080000e-01	4.075742e-02	4.079612e-01	1.505506e-01
5.120000e-01	4.133250e-02	4.136746e-01	1.334588e-01
5.160000e-01	4.183614e-02	4.186564e-01	1.161516e-01
5.200000e-01	4.226751e-02	4.228984e-01	9.866107e-02
5.240000e-01	4.262596e-02	4.263941e-01	8.101939e-02
5.280000e-01	4.291095e-02	4.291381e-01	6.325901e-02
5.320000e-01	4.312208e-02	4.311268e-01	4.541259e-02
5.360000e-01	4.325908e-02	4.323577e-01	2.751286e-02
5.400000e-01	4.332184e-02	4.328300e-01	9.592621e-03
5.440000e-01	4.331038e-02	4.325441e-01	-8.315367e-03
5.480000e-01	4.322485e-02	4.315022e-01	-2.617841e-02
5.520000e-01	4.306555e-02	4.297074e-01	-4.396398e-02
5.560000e-01	4.283290e-02	4.271648e-01	-6.163974e-02
5.600000e-01	4.252747e-02	4.238806e-01	-7.917366e-02
5.640000e-01	4.214997e-02	4.198623e-01	-9.653401e-02
5.680000e-01	4.170123e-02	4.151191e-01	-1.136895e-01
5.720000e-01	4.118220e-02	4.096613e-01	-1.306093e-01
5.760000e-01	4.059400e-02	4.035007e-01	-1.472630e-01
5.800000e-01	3.993783e-02	3.966502e-01	-1.636209e-01
5.840000e-01	3.921504e-02	3.891242e-01	-1.796540e-01
5.880000e-01	3.842710e-02	3.809382e-01	-1.953338e-01
5.920000e-01	3.757559e-02	3.721091e-01	-2.106326e-01
5.960000e-01	3.666219e-02	3.626548e-01	-2.255236e-01
6.000000e-01	3.568873e-02	3.525944e-01	-2.399807e-01
6.040000e-01	3.465711e-02	3.419480e-01	-2.539790e-01
6.080000e-01	3.356936e-02	3.307371e-01	-2.674941e-01
6.120000e-01	3.242757e-02	3.189837e-01	-2.805031e-01
6.160000e-01	3.123398e-02	3.067113e-01	-2.929837e-01
6.200000e-01	2.999087e-02	2.939438e-01	-3.049149e-01
6.240000e-01	2.870063e-02	2.807064e-01	-3.162767e-01
6.280000e-01	2.736572e-02	2.670249e-01	-3.270506e-01
6.320000e-01	2.598868e-02	2.529260e-01	-3.372187e-01
6.360000e-01	2.457212e-02	2.384368e-01	-3.467649e-01
6.400000e-01	2.311871e-02	2.235853e-01	-3.556739e-01
6.440000e-01	2.163118e-02	2.084002e-01	-3.639320e-01
6.480000e-01	2.011233e-02	1.929104e-01	-3.715267e-01
6.520000e-01	1.856497e-02	1.771456e-01	-3.784466e-01
6.560000e-01	1.699199e-02	1.611356e-01	-3.846820e-01
6.600000e-01	1.539629e-02	1.449108e-01	-3.902243e-01
6.640000e-01	1.378082e-02	1.285018e-01	-3.950663e-01
6.680000e-01	1.214855e-02	1.119394e-01	-3.992023e-01
6.720000e-01	1.050245e-02	9.525462e-02	-4.026278e-01
6.760000e-01	8.845517e-03	7.847852e-02	-4.053399e-01
6.800000e-01	7.180764e-03	6.164224e-02	-4.073368e-01
6.840000e-01	5.511191e-03	4.477689e-02	-4.086184e-01
6.880000e-01	3.839796e-03	2.791348e-02	-4.091857e-01
6.920000e-01	2.169568e-03	1.108288e-02	-4.090412e-01
6.960000e-01	5.034770e-04	-5.684249e-03	-4.081888e-01
7.000000e-01	-1.155528e-03	-2.235752e-02	-4.066336e-01
7.040000e-01	-2.804528e-03	-3.890686e-02	-4.043822e-01
7.080000e-01	-4.440636e-03	-5.530262e-02	-4.014425e-01
7.120000e-01	-6.061005e-03	-7.151556e-02	-3.978234e-01
7.160000e-01	-7.662835e-03	-8.751697e-02	-3.935355e-01
7.200000e-01	-9.243374e-03	-1.032787e-01	-3.885903e-01
7.240000e-01	-1.079993e-02	-1.187732e-01	-3.830006e-01
7.280000e-01	-1.232985e-02	-1.339735e-01	-3.767805e-01
7.320000e-01	-1.383059e-02	-1.488536e-01	-3.699451e-01
7.360000e-01	-1.529963e-02	-1.633881e-01	-3.625106e-01
7.400000e-01	-1.673456e-02	-1.775523e-01	-3.544944e-01
7.440000e-01	-1.813302e-02	-1.913225e-01	-3.459148e-01
7.480000e-01	-1.949275e-02	-2.046759e-01	-3.367911e-01
7.520000e-01	-2.081159e-02	-2.175907e-01	-3.271437e-01
7.560000e-01	-2.208743e-02	-2.300460e-01	-3.169936e-01
7.600000e-01	-2.331830e-02	-2.420219e-01	-3.063629e-01
7.640000e-01	-2.450230e-02	-2.534996e-01	-2.952743e-01
7.680000e-01	-2.563764e-02	-2.644615e-01	-2.837516e-01
7.720000e-01	-2.672264e-02	-2.748908e-01	-2.718188e-01
7.760000e-01	-2.775572e-02	-2.847722e-01	-2.595009e-01
7.800000e-01	-2.873541e-02	-2.940914e-01	-2.468233e-01
7.840000e-01	-2.966035e-02	-3.028353e-01	-2.338121e-01
7.880000e-01	-3.052930e-02	-3.109920e-01	-2.204937e-01
7.920000e-01	-3.134114e-02	-3.185510e-01	-2.068950e-01
7.960000e-01	-3.209484e-02	-3.255028e-01	-1.930433e-01
8.000000e-01	-3.278952e-02	-3.318394e-01	-1.789661e-01
8.040000e-01	-3.342441e-02	-3.375537e-01	-1.646913e-01
8.080000e-01	-3.399885e-02	-3.426403e-01	-1.502467e-01
8.120000e-01	-3.451232e-02	-3.470949e-01	-1.356606e-01
8.160000e-01	-3.496439e-02	-3.509143e-01	-1.209610e-01
8.200000e-01	-3.535478e-02	-3.540969e-01	-1.061761e-01
8.240000e-01	-3.568332e-02	-3.566421e-01	-9.133416e-02
8.280000e-01	-3.594995e-02	-3.585507e-01	-7.646306e-02
8.320000e-01	-3.615476e-02	-3.598248e-01	-6.159070e-02
8.360000e-01	-3.629791e-02	-3.604675e-01	-4.674468e-02
8.400000e-01	-3.637972e-02	-3.604834e-01	-3.195237e-02
8.440000e-01	-3.640061e-02	-3.598781e-01	-1.724077e-02
8.480000e-01	-3.636111e-02	-3.586585e-01	-2.636515e-03
8.520000e-01	-3.626185e-02	-3.568327e-01	1.183423e-02
8.560000e-01	-3.610361e-02	-3.544098e-01	2.614575e-02
8.600000e-01	-3.588722e-02	-3.514001e-01	4.027292e-02
8.640000e-01	-3.561367e-02	-3.478149e-01	5.419117e-02
8.680000e-01	-3.528401e-02	-3.436667e-01	6.787659e-02
8.720000e-01	-3.489941e-02	-3.389688e-01	8.130593e-02
8.760000e-01	-3.446113e-02	-3.337358e-01	9.445669e-02
8.800000e-01	-3.397053e-02	-3.279828e-01	1.073071e-01
8.840000e-01	-3.342903e-02	-3.217261e-01	1.198363e-01
8.880000e-01	-3.283816e-02	-3.149828e-01	1.320242e-01
8.920000e-01	-3.219953e-02	-3.077709e-01	1.438515e-01
8.960000e-01	-3.151483e-02	-3.001089e-01	1.552999e-01
9.000000e-01	-3.078579e-02	-2.920163e-01	1.663522e-01
9.040000e-01	-3.001424e-02	-2.835132e-01	1.769920e-01
9.080000e-01	-2.920207e-02	-2.746202e-01	1.872039e-01
9.120000e-01	-2.835122e-02	-2.653587e-01	1.969736e-01
9.160000e-01	-2.746369e-02	-2.557504e-01	2.062877e-01
9.200000e-01	-2.654153e-02	-2.458176e-01	2.151341e-01
9.240000e-01	-2.558682e-02	-2.355830e-01	2.235017e-01
9.280000e-01	-2.460170e-02	-2.250697e-01	2.313803e-01
9.320000e-01	-2.358834e-02	-2.143011e-01	2.387612e-01
9.360000e-01	-2.254894e-02	-2.033009e-01	2.456364e-01
9.400000e-01	-2.148571e-02	-1.920929e-01	2.519993e-01
9.440000e-01	-2.040090e-02	-1.807011e-01	2.578444e-01
9.480000e-01	-1.929678e-02	-1.691497e-01	2.631672e-01
9.520000e-01	-1.817560e-02	-1.574629e-01	2.679645e-01
9.560000e-01	-1.703965e-02	-1.456648e-01	2.722341e-01
9.600000e-01	-1.589119e-02	-1.337796e-01	2.759750e-01
9.640000e-01	-1.473250e-02	-1.218312e-01	2.791873e-01
9.680000e-01	-1.356585e-02	-1.098436e-01	2.818721e-01
9.720000e-01	-1.239346e-02	-9.784034e-02	2.840317e-01
9.760000e-01	-1.121759e-02	-8.584484e-02	2.856695e-01
9.800000e-01	-1.004042e-02	-7.388017e-02	2.867898e-01
9.840000e-01	-8.864138e-03	-6.196903e-02	2.873982e-01
9.880000e-01	-7.690890e-03	-5.013374e-02	2.875009e-01
9.920000e-01	-6.522783e-03	-3.839615e-02	2.871056e-01
9.960000e-01	-5.361885e-03	-2.677763e-02	2.862205e-01
1.000000e+00	-4.210218e-03	-1.529900e-02	2.848550e-01
1.004000e+00	-3.069758e-03	-3.980502e-03	2.830193e-01
1.008000e+00	-1.942426e-03	7.158231e-03	2.807244e-01
1.012000e+00	-8.300894e-04	1.809823e-02	2.779824e-01
1.016000e+00	2.654466e-04	2.882121e-02	2.748059e-01
1.020000e+00	1.342438e-03	3.930962e-02	2.712085e-01
1.024000e+00	2.399206e-03	4.954666e-02	2.672042e-01
1.028000e+00	3.434142e-03	5.951632e-02	2.628080e-01
1.032000e+00	4.445707e-03	6.920341e-02	2.580354e-01
1.036000e+00	5.432439e-03	7.859357e-02	2.529025e-01
1.040000e+00	6.392949e-03	8.767331e-02	2.474260e-01
1.044000e+00	7.325930e-03	9.643003e-02	2.416230e-01
1.048000e+00	8.230151e-03	1.048520e-01	2.355112e-01
1.052000e+00	9.104467e-03	1.129286e-01	2.291086e-01
1.056000e+00	9.947815e-03	1.206497e-01	2.224336e-01
1.060000e+00	1.075922e-02	1.280067e-01	2.155050e-01
1.064000e+00	1.153778e-02	1.349915e-01	2.083418e-01
1.068000e+00	1.228270e-02	1.415971e-01	2.009632e-01
1.072000e+00	1.299327e-02	1.478177e-01	1.933886e-01
1.076000e+00	1.366884e-02	1.536481e-01	1.856375e-01
1.080000e+00	1.430888e-02	1.590842e-01	1.777296e-01
1.084000e+00	1.491294e-02	1.641231e-01	1.696845e-01
1.088000e+00	1.548065e-02	1.687626e-01	1.615218e-01
1.092000e+00	1.601174e-02	1.730015e-01	1.532612e-01
1.096000e+00	1.650601e-02	1.768396e-01	1.449220e-01
1.100000e+00	1.696337e-02	1.802776e-01	1.365236e-01
1.104000e+00	1.738378e-02	1.833173e-01	1.280852e-01
1.108000e+00	1.776732e-02	1.859612e-01	1.196254e-01
1.112000e+00	1.811413e-02	1.882126e-01	1.111630e-01
1.116000e+00	1.842445e-02	1.900761e-01	1.027162e-01
1.120000e+00	1.869858e-02	1.915567e-01	9.430292e-02
1.124000e+00	1.893689e-02	1.926604e-01	8.594052e-02
1.128000e+00	1.913987e-02	1.933941e-01	7.764609e-02
1.132000e+00	1.930802e-02	1.937653e-01	6.943615e-02
1.136000e+00	1.944197e-02	1.937823e-01	6.132673e-02
1.140000e+00	1.954237e-02	1.934543e-01	5.333329e-02
1.144000e+00	1.960996e-02	1.927909e-01	4.547071e-02
1.148000e+00	1.964554e-02	1.918024e-01	3.775324e-02
1.152000e+00	1.964996e-02	1.904999e-01	3.019452e-02
1.156000e+00	1.962414e-02	1.888950e-01	2.280749e-02
1.160000e+00	1.956903e-02	1.869996e-01	1.560439e-02
1.164000e+00	1.948565e-02	1.848265e-01	8.596768e-03
1.168000e+00	1.937506e-02	1.823886e-01	1.795417e-03
1.172000e+00	1.923836e-02	1.796995e-01	-4.789625e-03
1.176000e+00	1.907668e-02	1.767730e-01	-1.114909e-02
1.180000e+00	1.889121e-02	1.736232e-01	-1.727451e-02
1.184000e+00	1.868313e-02	1.702648e-01	-2.315819e-02
1.188000e+00	1.845370e-02	1.667125e-01	-2.879327e-02
1.192000e+00	1.820416e-02	1.629811e-01	-3.417371e-02
1.196000e+00	1.793579e-02	1.590859e-01	-3.929426e-02
1.200000e+00	1.764988e-02	1.550420e-01	-4.415054e-02
1.204000e+00	1.734774e-02	1.508649e-01	-4.873896e-02
1.208000e+00	1.703067e-02	1.465698e-01	-5.305677e-02
1.212000e+00	1.670000e-02	1.421722e-01	-5.710206e-02
1.216000e+00	1.635705e-02	1.376873e-01	-6.087372e-02
1.220000e+00	1.600312e-02	1.331305e-01	-6.437144e-02
1.224000e+00	1.563952e-02	1.285167e-01	-6.759573e-02
1.228000e+00	1.526756e-02	1.238610e-01	-7.054789e-02
1.232000e+00	1.488852e-02	1.191781e-01	-7.322997e-02
1.236000e+00	1.450366e-02	1.144823e-01	-7.564482e-02
1.240000e+00	1.411423e-02	1.097880e-01	-7.779599e-02
1.244000e+00	1.372145e-02	1.051089e-01	-7.968777e-02
1.248000e+00	1.332652e-02	1.004586e-01	-8.132516e-02
1.252000e+00	1.293060e-02	9.585013e-02	-8.271382e-02
1.256000e+00	1.253481e-02	9.129621e-02	-8.386009e-02
1.260000e+00	1.214026e-02	8.680904e-02	-8.477090e-02
1.264000e+00	1.174800e-02	8.240034e-02	-8.545381e-02
1.268000e+00	1.135904e-02	7.808131e-02	-8.591693e-02
1.272000e+00	1.097435e-02	7.386262e-02	-8.616892e-02
1.276000e+00	1.059486e-02	6.975435e-02	-8.621894e-02
1.280000e+00	1.022142e-02	6.576599e-02	-8.607663e-02
1.284000e+00	9.854881e-03	6.190641e-02	-8.575206e-02
1.288000e+00	9.495996e-03	5.818384e-02	-8.525572e-02
1.292000e+00	9.145485e-03	5.460585e-02	-8.459845e-02
1.296000e+00	8.804007e-03	5.117937e-02	-8.379144e-02
1.300000e+00	8.472165e-03	4.791059e-02	-8.284614e-02
1.304000e+00	8.150504e-03	4.480505e-02	-8.177430e-02
1.308000e+00	7.839508e-03	4.186755e-02	-8.058785e-02
1.312000e+00	7.539601e-03	3.910218e-02	-7.929890e-02
1.316000e+00	7.251148e-03	3.651232e-02	-7.791973e-02
1.320000e+00	6.974452e-03	3.410060e-02	-7.646267e-02
1.324000e+00	6.709752e-03	3.186894e-02	-7.494015e-02
1.328000e+00	6.457230e-03	2.981852e-02	-7.336459e-02
1.332000e+00	6.217003e-03	2.794980e-02	-7.174839e-02
1.336000e+00	5.989128e-03	2.626251e-02	-7.010391e-02
1.340000e+00	5.773601e-03	2.475567e-02	-6.844339e-02
1.344000e+00	5.570359e-03	2.342759e-02	-6.677894e-02
1.348000e+00	5.379280e-03	2.227587e-02	-6.512248e-02
1.352000e+00	5.200181e-03	2.129746e-02	-6.348573e-02
1.356000e+00	5.032825e-03	2.048859e-02	-6.188017e-02
1.360000e+00	4.876918e-03	1.984487e-02	-6.031696e-02
1.364000e+00	4.732112e-03	1.936127e-02	-5.880696e-02
1.368000e+00	4.598008e-03	1.903213e-02	-5.736068e-02
1.372000e+00	4.474155e-03	1.885120e-02	-5.598822e-02
1.376000e+00	4.360052e-03	1.881166e-02	-5.469929e-02
1.380000e+00	4.255155e-03	1.890613e-02	-5.350311e-02
1.384000e+00	4.158871e-03	1.912673e-02	-5.240847e-02
1.388000e+00	4.070570e-03	1.946507e-02	-5.142362e-02
1.392000e+00	3.989580e-03	1.991230e-02	-5.055628e-02
1.396000e+00	3.915192e-03	2.045913e-02	-4.981362e-02
1.400000e+00	3.846663e-03	2.109587e-02	-4.920224e-02
1.404000e+00	3.783220e-03	2.181248e-02	-4.872812e-02
1.408000e+00	3.724061e-03	2.259855e-02	-4.839665e-02
1.412000e+00	3.668359e-03	2.344338e-02	-4.821255e-02
1.416000e+00	3.615263e-03	2.433602e-02	-4.817991e-02
1.420000e+00	3.563905e-03	2.526528e-02	-4.830214e-02
1.424000e+00	3.513401e-03	2.621977e-02	-4.858199e-02
1.428000e+00	3.462853e-03	2.718796e-02	-4.902151e-02
1.432000e+00	3.411355e-03	2.815818e-02	-4.962205e-02
1.436000e+00	3.357995e-03	2.911872e-02	-5.038429e-02
1.440000e+00	3.301857e-03	3.005778e-02	-5.130816e-02
1.444000e+00	3.242028e-03	3.096361e-02	-5.239293e-02
1.448000e+00	3.177596e-03	3.182447e-02	-5.363712e-02
1.452000e+00	3.107659e-03	3.262869e-02	-5.503859e-02
1.456000e+00	3.031326e-03	3.336474e-02	-5.659447e-02
1.460000e+00	2.947718e-03	3.402122e-02	-5.830121e-02
1.464000e+00	2.855976e-03	3.458694e-02	-6.015458e-02
1.468000e+00	2.755258e-03	3.505093e-02	-6.214967e-02
1.472000e+00	2.644751e-03	3.540248e-02	-6.428091e-02
1.476000e+00	2.523664e-03	3.563121e-02	-6.654209e-02
1.480000e+00	2.391240e-03	3.572703e-02	-6.892637e-02
1.484000e+00	2.246752e-03	3.568027e-02	-7.142629e-02
1.488000e+00	2.089511e-03	3.548165e-02	-7.403380e-02
1.492000e+00	1.918866e-03	3.512231e-02	-7.674029e-02
1.496000e+00	1.734208e-03	3.459389e-02	-7.953659e-02
1.500000e+00	1.534970e-03	3.388851e-02	-8.241301e-02
1.504000e+00	1.320635e-03	3.299883e-02	-8.535939e-02
1.508000e+00	1.090732e-03	3.191806e-02	-8.836506e-02
1.512000e+00	8.448416e-04	3.064000e-02	-9.141896e-02
1.516000e+00	5.825992e-04	2.915905e-02	-9.450957e-02
1.520000e+00	3.036937e-04	2.747025e-02	-9.762506e-02
1.524000e+00	7.871424e-06	2.556927e-02	-1.007532e-01
1.528000e+00	-3.050628e-04	2.345249e-02	-1.038815e-01
1.532000e+00	-6.352443e-04	2.111694e-02	-1.069971e-01
1.536000e+00	-9.827469e-04	1.856037e-02	-1.100871e-01
1.540000e+00	-1.347582e-03	1.578126e-02	-1.131383e-01
1.544000e+00	-1.729698e-03	1.277880e-02	-1.161372e-01
1.548000e+00	-2.128978e-03	9.552930e-03	-1.190703e-01
1.552000e+00	-2.545242e-03	6.104343e-03	-1.219242e-01
1.556000e+00	-2.978244e-03	2.434482e-03	-1.246852e-01
1.560000e+00	-3.427672e-03	-1.454451e-03	-1.273396e-01
1.564000e+00	-3.893149e-03	-5.559491e-03	-1.298740e-01
1.568000e+00	-4.374232e-03	-9.876916e-03	-1.322748e-01
1.572000e+00	-4.870414e-03	-1.440224e-02	-1.345286e-01
1.576000e+00	-5.381123e-03	-1.913023e-02	-1.366222e-01
1.580000e+00	-5.905723e-03	-2.405491e-02	-1.385426e-01
1.584000e+00	-6.443515e-03	-2.916954e-02	-1.402771e-01
1.588000e+00	-6.993737e-03	-3.446667e-02	-1.418131e-01
1.592000e+00	-7.555569e-03	-3.993814e-02	-1.431385e-01
1.596000e+00	-8.128128e-03	-4.557508e-02	-1.442415e-01
1.600000e+00	-8.710477e-03	-5.136794e-02	-1.451106e-01
1.604000e+00	-9.301620e-03	-5.730649e-02	-1.457348e-01
1.608000e+00	-9.900508e-03	-6.337986e-02	-1.461037e-01
1.612000e+00	-1.050604e-02	-6.957657e-02	-1.462072e-01
1.616000e+00	-1.111707e-02	-7.588452e-02	-1.460359e-01
1.620000e+00	-1.173239e-02	-8.229106e-02	-1.455808e-01
1.624000e+00	-1.235077e-02	-8.878296e-02	-1.448336e-01
1.628000e+00	-1.297092e-02	-9.534651e-02	-1.437866e-01
1.632000e+00	-1.359151e-02	-1.019675e-01	-1.424329e-01
1.636000e+00	-1.421118e-02	-1.086312e-01	-1.407661e-01
1.640000e+00	-1.482855e-02	-1.153226e-01	-1.387805e-01
1.644000e+00	-1.544219e-02	-1.220262e-01	-1.364714e-01
1.648000e+00	-1.605065e-02	-1.287262e-01	-1.338346e-01
1.652000e+00	-1.665245e-02	-1.354065e-01	-1.308666e-01
1.656000e+00	-1.724611e-02	-1.420505e-01	-1.275651e-01
1.660000e+00	-1.783012e-02	-1.486418e-01	-1.239282e-01
1.664000e+00	-1.840295e-02	-1.551634e-01	-1.199551e-01
1.668000e+00	-1.896307e-02	-1.615983e-01	-1.156457e-01
1.672000e+00	-1.950896e-02	-1.679296e-01	-1.110008e-01
1.676000e+00	-2.003907e-02	-1.741399e-01	-1.060220e-01
1.680000e+00	-2.055188e-02	-1.802122e-01	-1.007119e-01
1.684000e+00	-2.104585e-02	-1.861292e-01	-9.507381e-02
1.688000e+00	-2.151948e-02	-1.918739e-01	-8.911204e-02
1.692000e+00	-2.197127e-02	-1.974292e-01	-8.283171e-02
1.696000e+00	-2.239973e-02	-2.027782e-01	-7.623884e-02
1.700000e+00	-2.280340e-02	-2.079044e-01	-6.934029e-02
1.704000e+00	-2.318086e-02	-2.127913e-01	-6.214380e-02
1.708000e+00	-2.353069e-02	-2.174227e-01	-5.465795e-02
1.712000e+00	-2.385155e-02	-2.217829e-01	-4.689217e-02
1.716000e+00	-2.414209e-02	-2.258564e-01	-3.885671e-02
1.720000e+00	-2.440103e-02	-2.296281e-01	-3.056262e-02
1.724000e+00	-2.462713e-02	-2.330835e-01	-2.202177e-02
1.728000e+00	-2.481920e-02	-2.362085e-01	-1.324679e-02
1.732000e+00	-2.497610e-02	-2.389895e-01	-4.251066e-03
1.736000e+00	-2.509675e-02	-2.414134e-01	4.951293e-03
1.740000e+00	-2.518011e-02	-2.434680e-01	1.434546e-02
1.744000e+00	-2.522525e-02	-2.451415e-01	2.391595e-02
1.748000e+00	-2.523125e-02	-2.464227e-01	3.364661e-02
1.752000e+00	-2.519729e-02	-2.473014e-01	4.352067e-02
1.756000e+00	-2.512263e-02	-2.477679e-01	5.352080e-02
1.760000e+00	-2.500658e-02	-2.478134e-01	6.362910e-02
1.764000e+00	-2.484853e-02	-2.474299e-01	7.382715e-02
1.768000e+00	-2.464797e-02	-2.466101e-01	8.409607e-02
1.772000e+00	-2.440446e-02	-2.453477e-01	9.441653e-02
1.776000e+00	-2.411763e-02	-2.436374e-01	1.047688e-01
1.780000e+00	-2.378722e-02	-2.414744e-01	1.151328e-01
1.784000e+00	-2.341303e-02	-2.388552e-01	1.254881e-01
1.788000e+00	-2.299498e-02	-2.357771e-01	1.358141e-01
1.792000e+00	-2.253305e-02	-2.322384e-01	1.460899e-01
1.796000e+00	-2.202734e-02	-2.282383e-01	1.562944e-01
1.800000e+00	-2.147801e-02	-2.237770e-01	1.664064e-01
1.804000e+00	-2.088534e-02	-2.188558e-01	1.764045e-01
1.808000e+00	-2.024968e-02	-2.134769e-01	1.862674e-01
1.812000e+00	-1.957150e-02	-2.076435e-01	1.959739e-01
1.816000e+00	-1.885134e-02	-2.013599e-01	2.055026e-01
1.820000e+00	-1.808984e-02	-1.946312e-01	2.148323e-01
1.824000e+00	-1.728775e-02	-1.874637e-01	2.239419e-01
1.828000e+00	-1.644588e-02	-1.798648e-01	2.328108e-01
1.832000e+00	-1.556517e-02	-1.718426e-01	2.414182e-01
1.836000e+00	-1.464661e-02	-1.634063e-01	2.497439e-01
1.840000e+00	-1.369131e-02	-1.545663e-01	2.577678e-01
1.844000e+00	-1.270046e-02	-1.453335e-01	2.654705e-01
1.848000e+00	-1.167533e-02	-1.357203e-01	2.728329e-01
1.852000e+00	-1.061728e-02	-1.257396e-01	2.798361e-01
1.856000e+00	-9.527754e-03	-1.154053e-01	2.864622e-01
1.860000e+00	-8.408273e-03	-1.047324e-01	2.926936e-01
1.864000e+00	-7.260438e-03	-9.373650e-02	2.985132e-01
1.868000e+00	-6.085924e-03	-8.243415e-02	3.039049e-01
1.872000e+00	-4.886480e-03	-7.084272e-02	3.088530e-01
1.876000e+00	-3.663924e-03	-5.898032e-02	3.133427e-01
1.880000e+00	-2.420141e-03	-4.686582e-02	3.173598e-01
1.884000e+00	-1.157080e-03	-3.451880e-02	3.208911e-01
1.888000e+00	1.232538e-04	-2.195950e-02	3.239241e-01
1.892000e+00	1.418795e-03	-9.208817e-03	3.264473e-01
1.896000e+00	2.727427e-03	3.711769e-03	3.284500e-01
1.900000e+00	4.046986e-03	1.678022e-02	3.299225e-01
1.904000e+00	5.375263e-03	2.997398e-02	3.308560e-01
1.908000e+00	6.710009e-03	4.327003e-02	3.312429e-01
1.912000e+00	8.048937e-03	5.664493e-02	3.310762e-01
1.916000e+00	9.389732e-03	7.007484e-02	3.303504e-01
1.920000e+00	1.073005e-02	8.353561e-02	3.290608e-01
1.924000e+00	1.206752e-02	9.700279e-02	3.272038e-01
1.928000e+00	1.339977e-02	1.104517e-01	3.247769e-01
1.932000e+00	1.472438e-02	1.238575e-01	3.217787e-01
1.936000e+00	1.603897e-02	1.371952e-01	3.182090e-01
1.940000e+00	1.734111e-02	1.504398e-01	3.140687e-01
1.944000e+00	1.862841e-02	1.635660e-01	3.093596e-01
1.948000e+00	1.989845e-02	1.765488e-01	3.040850e-01
1.952000e+00	2.114884e-02	1.893632e-01	2.982490e-01
1.956000e+00	2.237722e-02	2.019844e-01	2.918571e-01
1.960000e+00	2.358122e-02	2.143875e-01	2.849157e-01
1.964000e+00	2.475851e-02	2.265481e-01	2.774325e-01
1.968000e+00	2.590681e-02	2.384420e-01	2.694161e-01
1.972000e+00	2.702383e-02	2.500453e-01	2.608765e-01
1.976000e+00	2.810737e-02	2.613345e-01	2.518246e-01
1.980000e+00	2.915523e-02	2.722866e-01	2.422723e-01
1.984000e+00	3.016530e-02	2.828789e-01	2.322328e-01
1.988000e+00	3.113550e-02	2.930894e-01	2.217200e-01
1.992000e+00	3.206380e-02	3.028966e-01	2.107491e-01
1.996000e+00	3.294826e-02	3.122797e-01	1.993361e-01
2.000000e+00	3.378698e-02	3.212185e-01	1.874982e-01
2.004000e+00	3.457816e-02	3.296935e-01	1.752533e-01
2.008000e+00	3.532004e-02	3.376859e-01	1.626201e-01
2.012000e+00	3.601097e-02	3.451780e-01	1.496186e-01
2.016000e+00	3.664936e-02	3.521526e-01	1.362692e-01
2.020000e+00	3.723373e-02	3.585935e-01	1.225933e-01
2.024000e+00	3.776267e-02	3.644854e-01	1.086130e-01
2.028000e+00	3.823486e-02	3.698141e-01	9.435107e-02
2.032000e+00	3.864910e-02	3.745660e-01	7.983109e-02
2.036000e+00	3.900426e-02	3.787290e-01	6.507715e-02
2.040000e+00	3.929934e-02	3.822917e-01	5.011394e-02
2.044000e+00	3.953341e-02	3.852440e-01	3.496672e-02
2.048000e+00	3.970569e-02	3.875765e-01	1.966121e-02
2.052000e+00	3.981546e-02	3.892815e-01	4.223565e-03
2.056000e+00	3.986215e-02	3.903519e-01	-1.131964e-02
2.060000e+00	3.984528e-02	3.907821e-01	-2.694153e-02
2.064000e+00	3.976449e-02	3.905675e-01	-4.261491e-02
2.068000e+00	3.961954e-02	3.897048e-01	-5.831237e-02
2.072000e+00	3.941029e-02	3.881918e-01	-7.400631e-02
2.076000e+00	3.913674e-02	3.860277e-01	-8.966902e-02
2.080000e+00	3.879898e-02	3.832125e-01	-1.052727e-01
2.084000e+00	3.839723e-02	3.797479e-01	-1.207895e-01
2.088000e+00	3.793183e-02	3.756364e-01	-1.361917e-01
2.092000e+00	3.740325e-02	3.708821e-01	-1.514516e-01
2.096000e+00	3.681203e-02	3.654901e-01	-1.665416e-01
2.100000e+00	3.615888e-02	3.594667e-01	-1.814343e-01
2.104000e+00	3.544460e-02	3.528194e-01	-1.961028e-01
2.108000e+00	3.467010e-02	3.455570e-01	-2.105202e-01
2.112000e+00	3.383641e-02	3.376894e-01	-2.246601e-01
2.116000e+00	3.294467e-02	3.292275e-01	-2.384964e-01
2.120000e+00	3.199613e-02	3.201837e-01	-2.520037e-01
2.124000e+00	3.099215e-02	3.105713e-01	-2.651568e-01
2.128000e+00	2.993418e-02	3.004046e-01	-2.779313e-01
2.132000e+00	2.882379e-02	2.896992e-01	-2.903034e-01
2.136000e+00	2.766265e-02	2.784716e-01	-3.022498e-01
2.140000e+00	2.645252e-02	2.667393e-01	-3.137481e-01
2.144000e+00	2.519524e-02	2.545209e-01	-3.247764e-01
2.148000e+00	2.389277e-02	2.418358e-01	-3.353140e-01
2.152000e+00	2.254714e-02	2.287046e-01	-3.453406e-01
2.156000e+00	2.116047e-02	2.151484e-01	-3.548370e-01
2.160000e+00	1.973496e-02	2.011893e-01	-3.637850e-01
2.164000e+00	1.827287e-02	1.868504e-01	-3.721671e-01
2.168000e+00	1.677655e-02	1.721552e-01	-3.799670e-01
2.172000e+00	1.524842e-02	1.571281e-01	-3.871694e-01
2.176000e+00	1.369095e-02	1.417943e-01	-3.937600e-01
2.180000e+00	1.210668e-02	1.261793e-01	-3.997255e-01
2.184000e+00	1.049819e-02	1.103094e-01	-4.050539e-01
2.188000e+00	8.868137e-03	9.421143e-02	-4.097342e-01
2.192000e+00	7.219190e-03	7.791253e-02	-4.137565e-01
2.196000e+00	5.554076e-03	6.144039e-02	-4.171124e-01
2.200000e+00	3.875555e-03	4.482303e-02	-4.197942e-01
2.204000e+00	2.186414e-03	2.808880e-02	-4.217958e-01
2.208000e+00	4.894659e-04	1.126628e-02	-4.231122e-01
2.212000e+00	-1.212457e-03	-5.615711e-03	-4.237396e-01
2.216000e+00	-2.916507e-03	-2.252821e-02	-4.236755e-01
2.220000e+00	-4.619832e-03	-3.944217e-02	-4.229186e-01
2.224000e+00	-6.319570e-03	-5.632847e-02	-4.214689e-01
2.228000e+00	-8.012866e-03	-7.315803e-02	-4.193275e-01
2.232000e+00	-9.696868e-03	-8.990183e-02	-4.164970e-01
2.236000e+00	-1.136874e-02	-1.065310e-01	-4.129810e-01
2.240000e+00	-1.302566e-02	-1.230167e-01	-4.087846e-01
2.244000e+00	-1.466483e-02	-1.393305e-01	-4.039138e-01
2.248000e+00	-1.628348e-02	-1.554442e-01	-3.983762e-01
2.252000e+00	-1.787887e-02	-1.713299e-01	-3.921803e-01
2.256000e+00	-1.944831e-02	-1.869602e-01	-3.853359e-01
2.260000e+00	-2.098914e-02	-2.023079e-01	-3.778539e-01
2.264000e+00	-2.249874e-02	-2.173465e-01	-3.697466e-01
2.268000e+00	-2.397457e-02	-2.320501e-01	-3.610271e-01
2.272000e+00	-2.541412e-02	-2.463931e-01	-3.517098e-01
2.276000e+00	-2.681496e-02	-2.603508e-01	-3.418101e-01
2.280000e+00	-2.817472e-02	-2.738990e-01	-3.313444e-01
2.284000e+00	-2.949110e-02	-2.870145e-01	-3.203303e-01
2.288000e+00	-3.076187e-02	-2.996746e-01	-3.087862e-01
2.292000e+00	-3.198489e-02	-3.118574e-01	-2.967316e-01
2.296000e+00	-3.315809e-02	-3.235421e-01	-2.841866e-01
2.300000e+00	-3.427950e-02	-3.347087e-01	-2.711726e-01
2.304000e+00	-3.534724e-02	-3.453379e-01	-2.577115e-01
2.308000e+00	-3.635951e-02	-3.554116e-01	-2.438262e-01
2.312000e+00	-3.731460e-02	-3.649127e-01	-2.295401e-01
2.316000e+00	-3.821094e-02	-3.738250e-01	-2.148776e-01
2.320000e+00	-3.904702e-02	-3.821334e-01	-1.998635e-01
2.324000e+00	-3.982145e-02	-3.898239e-01	-1.845234e-01
2.328000e+00	-4.053295e-02	-3.968837e-01	-1.688833e-01
2.332000e+00	-4.118035e-02	-4.033009e-01	-1.529698e-01
2.336000e+00	-4.176258e-02	-4.090649e-01	-1.368100e-01
2.340000e+00	-4.227872e-02	-4.141663e-01	-1.204313e-01
2.344000e+00	-4.272791e-02	-4.185968e-01	-1.038615e-01
2.348000e+00	-4.310944e-02	-4.223493e-01	-8.712874e-02
2.352000e+00	-4.342272e-02	-4.254179e-01	-7.026140e-02
2.356000e+00	-4.366727e-02	-4.277979e-01	-5.328804e-02
2.360000e+00	-4.384273e-02	-4.294860e-01	-3.623740e-02
2.364000e+00	-4.394885e-02	-4.304798e-01	-1.913829e-02
2.368000e+00	-4.398551e-02	-4.307785e-01	-2.019583e-03
2.372000e+00	-4.395272e-02	-4.303821e-01	1.508988e-02
2.376000e+00	-4.385058e-02	-4.292922e-01	3.216130e-02
2.380000e+00	-4.367935e-02	-4.275115e-01	4.916601e-02
2.384000e+00	-4.343936e-02	-4.250437e-01	6.607551e-02
2.388000e+00	-4.313110e-02	-4.218941e-01	8.286151e-02
2.392000e+00	-4.275516e-02	-4.180687e-01	9.949600e-02
2.396000e+00	-4.231223e-02	-4.135751e-01	1.159513e-01
2.400000e+00	-4.180313e-02	-4.084218e-01	1.322000e-01
2.404000e+00	-4.122881e-02	-4.026185e-01	1.482154e-01
2.408000e+00	-4.059028e-02	-3.961761e-01	1.639709e-01
2.412000e+00	-3.988871e-02	-3.891064e-01	1.794406e-01
2.416000e+00	-3.912534e-02	-3.814225e-01	1.945991e-01
2.420000e+00	-3.830153e-02	-3.731384e-01	2.094218e-01
2.424000e+00	-3.741873e-02	-3.642691e-01	2.238845e-01
2.428000e+00	-3.647849e-02	-3.548307e-01	2.379638e-01
2.432000e+00	-3.548247e-02	-3.448400e-01	2.516369e-01
2.436000e+00	-3.443240e-02	-3.343150e-01	2.648821e-01
2.440000e+00	-3.333011e-02	-3.232743e-01	2.776781e-01
2.444000e+00	-3.217750e-02	-3.117377e-01	2.900048e-01
2.448000e+00	-3.097656e-02	-2.997254e-01	3.018426e-01
2.452000e+00	-2.972937e-02	-2.872587e-01	3.131731e-01
2.456000e+00	-2.843805e-02	-2.743594e-01	3.239787e-01
2.460000e+00	-2.710483e-02	-2.610501e-01	3.342429e-01
2.464000e+00	-2.573196e-02	-2.473539e-01	3.439501e-01
2.468000e+00	-2.432179e-02	-2.332947e-01	3.530855e-01
2.472000e+00	-2.287671e-02	-2.188968e-01	3.616358e-01
2.476000e+00	-2.139914e-02	-2.041849e-01	3.695883e-01
2.480000e+00	-1.989159e-02	-1.891844e-01	3.769317e-01
2.484000e+00	-1.835658e-02	-1.739210e-01	3.836556e-01
2.488000e+00	-1.679668e-02	-1.584207e-01	3.897508e-01
2.492000e+00	-1.521449e-02	-1.427099e-01	3.952091e-01
2.496000e+00	-1.361264e-02	-1.268152e-01	4.000236e-01
2.500000e+00	-1.199379e-02	-1.107634e-01	4.041884e-01
2.504000e+00	-1.036060e-02	-9.458147e-02	4.076988e-01
2.508000e+00	-8.715775e-03	-7.829660e-02	4.105512e-01
2.512000e+00	-7.061997e-03	-6.193594e-02	4.127431e-01
2.516000e+00	-5.401974e-03	-4.552668e-02	4.142732e-01
2.520000e+00	-3.738407e-03	-2.909597e-02	4.151414e-01
2.524000e+00	-2.073994e-03	-1.267091e-02	4.153487e-01
2.528000e+00	-4.114212e-04	3.721552e-03	4.148970e-01
2.532000e+00	1.246636e-03	2.005463e-02	4.137897e-01
2.536000e+00	2.897521e-03	3.630177e-02	4.120309e-01
2.540000e+00	4.538603e-03	5.243667e-02	4.096261e-01
2.544000e+00	6.167276e-03	6.843334e-02	4.065818e-01
2.548000e+00	7.780966e-03	8.426617e-02	4.029055e-01
2.552000e+00	9.377136e-03	9.990991e-02	3.986057e-01
2.556000e+00	1.095329e-02	1.153398e-01	3.936919e-01
2.560000e+00	1.250697e-02	1.305315e-01	3.881748e-01
2.564000e+00	1.403578e-02	1.454612e-01	3.820659e-01
2.568000e+00	1.553737e-02	1.601058e-01	3.753777e-01
2.572000e+00	1.700943e-02	1.744425e-01	3.681235e-01
2.576000e+00	1.844973e-02	1.884495e-01	3.603176e-01
2.580000e+00	1.985610e-02	2.021053e-01	3.519751e-01
2.584000e+00	2.122644e-02	2.153895e-01	3.431120e-01
2.588000e+00	2.255869e-02	2.282819e-01	3.337451e-01
2.592000e+00	2.385092e-02	2.407637e-01	3.238918e-01
2.596000e+00	2.510121e-02	2.528164e-01	3.135704e-01
2.600000e+00	2.630777e-02	2.644225e-01	3.027998e-01
2.604000e+00	2.746886e-02	2.755654e-01	2.915995e-01
2.608000e+00	2.858284e-02	2.862293e-01	2.799897e-01
2.612000e+00	2.964816e-02	2.963993e-01	2.679911e-01
2.616000e+00	3.066333e-02	3.060613e-01	2.556250e-01
2.620000e+00	3.162699e-02	3.152023e-01	2.429132e-01
2.624000e+00	3.253784e-02	3.238102e-01	2.298778e-01
2.628000e+00	3.339468e-02	3.318739e-01	2.165414e-01
2.632000e+00	3.419642e-02	3.393830e-01	2.029272e-01
2.636000e+00	3.494205e-02	3.463285e-01	1.890582e-01
2.640000e+00	3.563066e-02	3.527020e-01	1.749582e-01
2.644000e+00	3.626144e-02	3.584964e-01	1.606509e-01
2.648000e+00	3.683369e-02	3.637055e-01	1.461604e-01
2.652000e+00	3.734679e-02	3.683240e-01	1.315108e-01
2.656000e+00	3.780022e-02	3.723477e-01	1.167264e-01
2.660000e+00	3.819358e-02	3.757734e-01	1.018316e-01
2.664000e+00	3.852656e-02	3.785989e-01	8.685070e-02
2.668000e+00	3.879893e-02	3.808230e-01	7.180809e-02
2.672000e+00	3.901059e-02	3.824456e-01	5.672805e-02
2.676000e+00	3.916152e-02	3.834673e-01	4.163481e-02
2.680000e+00	3.925181e-02	3.838900e-01	2.655241e-02
2.684000e+00	3.928162e-02	3.837164e-01	1.150476e-02
2.688000e+00	3.925125e-02	3.829501e-01	-3.484490e-03
2.692000e+00	3.916106e-02	3.815959e-01	-1.839192e-02
2.696000e+00	3.901152e-02	3.796592e-01	-3.319440e-02
2.700000e+00	3.880318e-02	3.771466e-01	-4.786914e-02
2.704000e+00	3.853670e-02	3.740653e-01	-6.239373e-02
2.708000e+00	3.821280e-02	3.704236e-01	-7.674612e-02
2.712000e+00	3.783231e-02	3.662306e-01	-9.090472e-02
2.716000e+00	3.739614e-02	3.614962e-01	-1.048484e-01
2.720000e+00	3.690528e-02	3.562311e-01	-1.185566e-01
2.724000e+00	3.636081e-02	3.504467e-01	-1.320090e-01
2.728000e+00	3.576387e-02	3.441554e-01	-1.451863e-01
2.732000e+00	3.511569e-02	3.373700e-01	-1.580695e-01
2.736000e+00	3.441756e-02	3.301043e-01	-1.706400e-01
2.740000e+00	3.367086e-02	3.223726e-01	-1.828804e-01
2.744000e+00	3.287703e-02	3.141898e-01	-1.947735e-01
2.748000e+00	3.203755e-02	3.055715e-01	-2.063028e-01
2.752000e+00	3.115401e-02	2.965340e-01	-2.174528e-01
2.756000e+00	3.022801e-02	2.870939e-01	-2.282085e-01
2.760000e+00	2.926123e-02	2.772684e-01	-2.385556e-01
2.764000e+00	2.825541e-02	2.670752e-01	-2.484808e-01
2.768000e+00	2.721233e-02	2.565326e-01	-2.579712e-01
2.772000e+00	2.613380e-02	2.456590e-01	-2.670151e-01
2.776000e+00	2.502169e-02	2.344734e-01	-2.756012e-01
2.780000e+00	2.387792e-02	2.229951e-01	-2.837193e-01
2.784000e+00	2.270442e-02	2.112437e-01	-2.913599e-01
2.788000e+00	2.150316e-02	1.992392e-01	-2.985143e-01
2.792000e+00	2.027616e-02	1.870015e-01	-3.051748e-01
2.796000e+00	1.902544e-02	1.745511e-01	-3.113342e-01
2.800000e+00	1.775306e-02	1.619085e-01	-3.169864e-01
2.804000e+00	1.646108e-02	1.490942e-01	-3.221262e-01
2.808000e+00	1.515159e-02	1.361291e-01	-3.267490e-01
2.812000e+00	1.382669e-02	1.230340e-01	-3.308511e-01
2.816000e+00	1.248848e-02	1.098296e-01	-3.344299e-01
2.820000e+00	1.113908e-02	9.653697e-02	-3.374832e-01
2.824000e+00	9.780597e-03	8.317681e-02	-3.400099e-01
2.828000e+00	8.415147e-03	6.976990e-02	-3.420097e-01
2.832000e+00	7.044837e-03	5.633691e-02	-3.434832e-01
2.836000e+00	5.671766e-03	4.289838e-02	-3.444315e-01
2.840000e+00	4.298021e-03	2.947470e-02	-3.448567e-01
2.844000e+00	2.925677e-03	1.608606e-02	-3.447618e-01
2.848000e+00	1.556791e-03	2.752440e-03	-3.441503e-01
2.852000e+00	1.933993e-04	-1.050643e-02	-3.430266e-01
2.856000e+00	-1.162486e-03	-2.367109e-02	-3.413959e-01
2.860000e+00	-2.508876e-03	-3.672239e-02	-3.392640e-01
2.864000e+00	-3.843815e-03	-4.964149e-02	-3.366375e-01
2.868000e+00	-5.165374e-03	-6.240992e-02	-3.335237e-01
2.872000e+00	-6.471662e-03	-7.500957e-02	-3.299304e-01
2.876000e+00	-7.760824e-03	-8.742275e-02	-3.258663e-01
2.880000e+00	-9.031042e-03	-9.963219e-02	-3.213405e-01
2.884000e+00	-1.028054e-02	-1.116210e-01	-3.163630e-01
2.888000e+00	-1.150759e-02	-1.233730e-01	-3.109442e-01
2.892000e+00	-1.271051e-02	-1.348721e-01	-3.050950e-01
2.896000e+00	-1.388766e-02	-1.461030e-01	-2.988271e-01
2.900000e+00	-1.503745e-02	-1.570509e-01	-2.921524e-01
2.904000e+00	-1.615835e-02	-1.677014e-01	-2.850836e-01
2.908000e+00	-1.724888e-02	-1.780409e-01	-2.776338e-01
2.912000e+00	-1.830761e-02	-1.880560e-01	-2.698164e-01
2.916000e+00	-1.933318e-02	-1.977343e-01	-2.616453e-01
2.920000e+00	-2.032427e-02	-2.070637e-01	-2.531351e-01
2.924000e+00	-2.127964e-02	-2.160327e-01	-2.443002e-01
2.928000e+00	-2.219810e-02	-2.246307e-01	-2.351559e-01
2.932000e+00	-2.307851e-02	-2.328474e-01	-2.257176e-01
2.936000e+00	-2.391983e-02	-2.406733e-01	-2.160009e-01
2.940000e+00	-2.472104e-02	-2.480995e-01	-2.060219e-01
2.944000e+00	-2.548122e-02	-2.551179e-01	-1.957967e-01
2.948000e+00	-2.619951e-02	-2.617207e-01	-1.853419e-01
2.952000e+00	-2.687509e-02	-2.679011e-01	-1.746740e-01
2.956000e+00	-2.750724e-02	-2.736528e-01	-1.638101e-01
2.960000e+00	-2.809528e-02	-2.789702e-01	-1.527669e-01
2.964000e+00	-2.863863e-02	-2.838482e-01	-1.415617e-01
2.968000e+00	-2.913676e-02	-2.882827e-01	-1.302115e-01
2.972000e+00	-2.958919e-02	-2.922700e-01	-1.187338e-01
2.976000e+00	-2.999554e-02	-2.958072e-01	-1.071458e-01
2.980000e+00	-3.035549e-02	-2.988918e-01	-9.546493e-02
2.984000e+00	-3.066877e-02	-3.015223e-01	-8.370844e-02
2.988000e+00	-3.093520e-02	-3.036976e-01	-7.189367e-02
2.992000e+00	-3.115465e-02	-3.054173e-01	-6.003792e-02
2.996000e+00	-3.132708e-02	-3.066818e-01	-4.815837e-02
3.000000e+00	-3.145249e-02	-3.074919e-01	-3.627214e-02
3.004000e+00	-3.153097e-02	-3.078491e-01	-2.439622e-02
3.008000e+00	-3.156265e-02	-3.077556e-01	-1.254747e-02
3.012000e+00	-3.154775e-02	-3.072140e-01	-7.425833e-04
3.016000e+00	-3.148653e-02	-3.062279e-01	1.100192e-02
3.020000e+00	-3.137935e-02	-3.048010e-01	2.266972e-02
3.024000e+00	-3.122658e-02	-3.029378e-01	3.424472e-02
3.028000e+00	-3.102869e-02	-3.006435e-01	4.571104e-02
3.032000e+00	-3.078621e-02	-2.979236e-01	5.705308e-02
3.036000e+00	-3.049970e-02	-2.947843e-01	6.825551e-02
3.040000e+00	-3.016980e-02	-2.912322e-01	7.930327e-02
3.044000e+00	-2.979721e-02	-2.872746e-01	9.018163e-02
3.048000e+00	-2.938266e-02	-2.829192e-01	1.008762e-01
3.052000e+00	-2.892696e-02	-2.781741e-01	1.113728e-01
3.056000e+00	-2.843096e-02	-2.730480e-01	1.216579e-01
3.060000e+00	-2.789557e-02	-2.675500e-01	1.317179e-01
3.064000e+00	-2.732173e-02	-2.616897e-01	1.415400e-01
3.068000e+00	-2.671044e-02	-2.554769e-01	1.511116e-01
3.072000e+00	-2.606274e-02	-2.489222e-01	1.604205e-01
3.076000e+00	-2.537974e-02	-2.420362e-01	1.694549e-01
3.080000e+00	-2.466255e-02	-2.348302e-01	1.782036e-01
3.084000e+00	-2.391236e-02	-2.273156e-01	1.866556e-01
3.088000e+00	-2.313036e-02	-2.195043e-01	1.948005e-01
3.092000e+00	-2.231782e-02	-2.114086e-01	2.026283e-01
3.096000e+00	-2.147602e-02	-2.030408e-01	2.101295e-01
3.100000e+00	-2.060627e-02	-1.944137e-01	2.172951e-01
3.104000e+00	-1.970992e-02	-1.855406e-01	2.241166e-01
3.108000e+00	-1.878836e-02	-1.764346e-01	2.305858e-01
3.112000e+00	-1.784300e-02	-1.671093e-01	2.366952e-01
3.116000e+00	-1.687526e-02	-1.575785e-01	2.424378e-01
3.120000e+00	-1.588661e-02	-1.478562e-01	2.478070e-01
3.124000e+00	-1.487852e-02	-1.379566e-01	2.527967e-01
3.128000e+00	-1.385251e-02	-1.278940e-01	2.574015e-01
3.132000e+00	-1.281008e-02	-1.176829e-01	2.616163e-01
3.136000e+00	-1.175278e-02	-1.073380e-01	2.654366e-01
3.140000e+00	-1.068215e-02	-9.687404e-02	2.688586e-01
3.144000e+00	-9.599764e-03	-8.630581e-02	2.718787e-01
3.148000e+00	-8.507192e-03	-7.564829e-02	2.744941e-01
3.152000e+00	-7.406016e-03	-6.491646e-02	2.767024e-01
3.156000e+00	-6.297826e-03	-5.412538e-02	2.785017e-01
3.160000e+00	-5.184216e-03	-4.329012e-02	2.798908e-01
3.164000e+00	-4.066783e-03	-3.242578e-02	2.808689e-01
3.168000e+00	-2.947125e-03	-2.154742e-02	2.814357e-01
3.172000e+00	-1.826839e-03	-1.067013e-02	2.815915e-01
3.176000e+00	-7.075172e-04	1.910838e-04	2.813370e-01
3.180000e+00	4.092508e-04	1.102124e-02	2.806738e-01
3.184000e+00	1.521884e-03	2.180545e-02	2.796034e-01
3.188000e+00	2.628808e-03	3.252891e-02	2.781284e-01
3.192000e+00	3.728462e-03	4.317690e-02	2.762516e-01
3.196000e+00	4.819296e-03	5.373485e-02	2.739764e-01
3.200000e+00	5.899775e-03	6.418831e-02	2.713066e-01
3.204000e+00	6.968379e-03	7.452300e-02	2.682468e-01
3.208000e+00	8.023607e-03	8.472478e-02	2.648016e-01
3.212000e+00	9.063980e-03	9.477974e-02	2.609765e-01
3.216000e+00	1.008804e-02	1.046741e-01	2.567774e-01
3.220000e+00	1.109434e-02	1.143944e-01	2.522106e-01
3.224000e+00	1.208148e-02	1.239273e-01	2.472828e-01
3.228000e+00	1.304807e-02	1.332598e-01	2.420013e-01
3.232000e+00	1.399276e-02	1.423791e-01	2.363739e-01
3.236000e+00	1.491422e-02	1.512727e-01	2.304086e-01
3.240000e+00	1.581116e-02	1.599284e-01	2.241141e-01
3.244000e+00	1.668232e-02	1.683342e-01	2.174993e-01
3.248000e+00	1.752646e-02	1.764786e-01	2.105736e-01
3.252000e+00	1.834241e-02	1.843504e-01	2.033470e-01
3.256000e+00	1.912901e-02	1.919385e-01	1.958296e-01
3.260000e+00	1.988515e-02	1.992325e-01	1.880320e-01
3.264000e+00	2.060976e-02	2.062221e-01	1.799652e-01
3.268000e+00	2.130181e-02	2.128976e-01	1.716406e-01
3.272000e+00	2.196031e-02	2.192496e-01	1.630699e-01
3.276000e+00	2.258433e-02	2.252690e-01	1.542650e-01
3.280000e+00	2.317297e-02	2.309473e-01	1.452383e-01
3.284000e+00	2.372539e-02	2.362763e-01	1.360025e-01
3.288000e+00	2.424078e-02	2.412484e-01	1.265706e-01
3.292000e+00	2.471840e-02	2.458562e-01	1.169558e-01
3.296000e+00	2.515755e-02	2.500931e-01	1.071717e-01
3.300000e+00	2.555758e-02	2.539527e-01	9.723189e-02
3.304000e+00	2.591791e-02	2.574291e-01	8.715052e-02
3.308000e+00	2.623799e-02	2.605172e-01	7.694179e-02
3.312000e+00	2.651734e-02	2.632119e-01	6.662015e-02
3.316000e+00	2.675553e-02	2.655090e-01	5.620021e-02
3.320000e+00	2.695218e-02	2.674048e-01	4.569680e-02
3.324000e+00	2.710699e-02	2.688958e-01	3.512487e-02
3.328000e+00	2.721969e-02	2.699795e-01	2.449954e-02
3.332000e+00	2.729008e-02	2.706536e-01	1.383603e-02
3.336000e+00	2.731802e-02	2.709164e-01	3.149664e-03
3.340000e+00	2.730343e-02	2.707669e-01	-7.544126e-03
3.344000e+00	2.724629e-02	2.702045e-01	-1.822986e-02
3.348000e+00	2.714663e-02	2.692291e-01	-2.889200e-02
3.352000e+00	2.700456e-02	2.678415e-01	-3.951498e-02
3.356000e+00	2.682022e-02	2.660428e-01	-5.008323e-02
3.360000e+00	2.659384e-02	2.638346e-01	-6.058118e-02
3.364000e+00	2.632570e-02	2.612193e-01	-7.099330e-02
3.368000e+00	2.601613e-02	2.581997e-01	-8.130411e-02
3.372000e+00	2.566554e-02	2.547793e-01	-9.149820e-02
3.376000e+00	2.527439e-02	2.509621e-01	-1.015602e-01
3.380000e+00	2.484319e-02	2.467527e-01	-1.114750e-01
3.384000e+00	2.437252e-02	2.421562e-01	-1.212274e-01
3.388000e+00	2.386303e-02	2.371785e-01	-1.308026e-01
3.392000e+00	2.331542e-02	2.318256e-01	-1.401858e-01
3.396000e+00	2.273043e-02	2.261047e-01	-1.493624e-01
3.400000e+00	2.210888e-02	2.200230e-01	-1.583181e-01
3.404000e+00	2.145165e-02	2.135885e-01	-1.670388e-01
3.408000e+00	2.075965e-02	2.068098e-01	-1.755107e-01
3.412000e+00	2.003387e-02	1.996959e-01	-1.837202e-01
3.416000e+00	1.927534e-02	1.922565e-01	-1.916541e-01
3.420000e+00	1.848516e-02	1.845016e-01	-1.992994e-01
3.424000e+00	1.766446e-02	1.764419e-01	-2.066436e-01
3.428000e+00	1.681442e-02	1.680886e-01	-2.136744e-01
3.432000e+00	1.593630e-02	1.594532e-01	-2.203800e-01
3.436000e+00	1.503138e-02	1.505479e-01	-2.267490e-01
3.440000e+00	1.410099e-02	1.413854e-01	-2.327703e-01
3.444000e+00	1.314651e-02	1.319785e-01	-2.384334e-01
3.448000e+00	1.216936e-02	1.223409e-01	-2.437283e-01
3.452000e+00	1.117101e-02	1.124864e-01	-2.486452e-01
3.456000e+00	1.015296e-02	1.024294e-01	-2.531751e-01
3.460000e+00	9.116738e-03	9.218456e-02	-2.573095e-01
3.464000e+00	8.063934e-03	8.176701e-02	-2.610401e-01
3.468000e+00	6.996151e-03	7.119220e-02	-2.643597e-01
3.472000e+00	5.915032e-03	6.047592e-02	-2.672611e-01
3.476000e+00	4.822245e-03	4.963428e-02	-2.697382e-01
3.480000e+00	3.719488e-03	3.868369e-02	-2.717851e-01
3.484000e+00	2.608483e-03	2.764084e-02	-2.733967e-01
3.488000e+00	1.490973e-03	1.652265e-02	-2.745685e-01
3.492000e+00	3.687215e-04	5.346307e-03	-2.752968e-01
3.496000e+00	-7.564894e-04	-5.870825e-03	-2.755782e-01
3.500000e+00	-1.882864e-03	-1.711118e-02	-2.754103e-01
3.504000e+00	-3.008595e-03	-2.835705e-02	-2.747912e-01
3.508000e+00	-4.131865e-03	-3.959059e-02	-2.737199e-01
3.512000e+00	-5.250850e-03	-5.079383e-02	-2.721957e-01
3.516000e+00	-6.363722e-03	-6.194875e-02	-2.702189e-01
3.520000e+00	-7.468652e-03	-7.303727e-02	-2.677905e-01
3.524000e+00	-8.563813e-03	-8.404127e-02	-2.649122e-01
3.528000e+00	-9.647381e-03	-9.494265e-02	-2.615863e-01
3.532000e+00	-1.071754e-02	-1.057233e-01	-2.578160e-01
3.536000e+00	-1.177249e-02	-1.163653e-01	-2.536051e-01
3.540000e+00	-1.281044e-02	-1.268506e-01	-2.489581e-01
3.544000e+00	-1.382960e-02	-1.371616e-01	-2.438803e-01
3.548000e+00	-1.482823e-02	-1.472804e-01	-2.383778e-01
3.552000e+00	-1.580460e-02	-1.571896e-01	-2.324573e-01
3.556000e+00	-1.675698e-02	-1.668721e-01	-2.261262e-01
3.560000e+00	-1.768371e-02	-1.763106e-01	-2.193928e-01
3.564000e+00	-1.858313e-02	-1.854886e-01	-2.122659e-01
3.568000e+00	-1.945363e-02	-1.943895e-01	-2.047551e-01
3.572000e+00	-2.029364e-02	-2.029971e-01	-1.968707e-01
3.576000e+00	-2.110160e-02	-2.112958e-01	-1.886237e-01
3.580000e+00	-2.187603e-02	-2.192701e-01	-1.800257e-01
3.584000e+00	-2.261547e-02	-2.269050e-01	-1.710890e-01
3.588000e+00	-2.331853e-02	-2.341861e-01	-1.618265e-01
3.592000e+00	-2.398386e-02	-2.410992e-01	-1.522519e-01
3.596000e+00	-2.461015e-02	-2.476308e-01	-1.423794e-01
3.600000e+00	-2.519616e-02	-2.537679e-01	-1.322237e-01
3.604000e+00	-2.574071e-02	-2.594980e-01	-1.218002e-01
3.608000e+00	-2.624269e-02	-2.648092e-01	-1.111248e-01
3.612000e+00	-2.670103e-02	-2.696903e-01	-1.002141e-01
3.616000e+00	-2.711475e-02	-2.741306e-01	-8.908501e-02
3.620000e+00	-2.748291e-02	-2.781201e-01	-7.775500e-02
3.624000e+00	-2.780468e-02	-2.816494e-01	-6.624205e-02
3.628000e+00	-2.807925e-02	-2.847101e-01	-5.456454e-02
3.632000e+00	-2.830594e-02	-2.872942e-01	-4.274129e-02
3.636000e+00	-2.848411e-02	-2.893945e-01	-3.079148e-02
3.640000e+00	-2.861321e-02	-2.910047e-01	-1.873467e-02
3.644000e+00	-2.869276e-02	-2.921192e-01	-6.590749e-03
3.648000e+00	-2.872238e-02	-2.927333e-01	5.620115e-03
3.652000e+00	-2.870175e-02	-2.928428e-01	1.787747e-02
3.656000e+00	-2.863065e-02	-2.924447e-01	3.016065e-02
3.660000e+00	-2.850893e-02	-2.915366e-01	4.244878e-02
3.664000e+00	-2.833655e-02	-2.901172e-01	5.472081e-02
3.668000e+00	-2.811352e-02	-2.881858e-01	6.695557e-02
3.672000e+00	-2.783998e-02	-2.857427e-01	7.913181e-02
3.676000e+00	-2.751612e-02	-2.827890e-01	9.122819e-02
3.680000e+00	-2.714224e-02	-2.793269e-01	1.032234e-01
3.684000e+00	-2.671871e-02	-2.753593e-01	1.150961e-01
3.688000e+00	-2.624602e-02	-2.708901e-01	1.268249e-01
3.692000e+00	-2.572471e-02	-2.659239e-01	1.383888e-01
3.696000e+00	-2.515543e-02	-2.604664e-01	1.497667e-01
3.700000e+00	-2.453891e-02	-2.545242e-01	1.609377e-01
3.704000e+00	-2.387598e-02	-2.481046e-01	1.718810e-01
3.708000e+00	-2.316754e-02	-2.412161e-01	1.825764e-01
3.712000e+00	-2.241458e-02	-2.338678e-01	1.930035e-01
3.716000e+00	-2.161817e-02	-2.260698e-01	2.031426e-01
3.720000e+00	-2.077949e-02	-2.178330e-01	2.129743e-01
3.724000e+00	-1.989976e-02	-2.091691e-01	2.224794e-01
3.728000e+00	-1.898031e-02	-2.000909e-01	2.316393e-01
3.732000e+00	-1.802253e-02	-1.906118e-01	2.404358e-01
3.736000e+00	-1.702791e-02	-1.807460e-01	2.488513e-01
3.740000e+00	-1.599800e-02	-1.705085e-01	2.568687e-01
3.744000e+00	-1.493441e-02	-1.599152e-01	2.644714e-01
3.748000e+00	-1.383883e-02	-1.489825e-01	2.716435e-01
3.752000e+00	-1.271304e-02	-1.377278e-01	2.783697e-01
3.756000e+00	-1.155885e-02	-1.261690e-01	2.846356e-01
3.760000e+00	-1.037816e-02	-1.143247e-01	2.904271e-01
3.764000e+00	-9.172907e-03	-1.022142e-01	2.957312e-01
3.768000e+00	-7.945098e-03	-8.985746e-02	3.005355e-01
3.772000e+00	-6.696790e-03	-7.727484e-02	3.048284e-01
3.776000e+00	-5.430090e-03	-6.448738e-02	3.085994e-01
3.780000e+00	-4.147150e-03	-5.151662e-02	3.118384e-01
3.784000e+00	-2.850166e-03	-3.838454e-02	3.145366e-01
3.788000e+00	-1.541375e-03	-2.511361e-02	3.166859e-01
3.792000e+00	-2.230462e-04	-1.172668e-02	3.182791e-01
3.796000e+00	1.102517e-03	1.753036e-03	3.193100e-01
3.800000e+00	2.432985e-03	1.530198e-02	3.197736e-01
3.804000e+00	3.766003e-03	2.889631e-02	3.196655e-01
3.808000e+00	5.099197e-03	4.251195e-02	3.189824e-01
3.812000e+00	6.430179e-03	5.612462e-02	3.177223e-01
3.816000e+00	7.756548e-03	6.970986e-02	3.158839e-01
3.820000e+00	9.075897e-03	8.324311e-02	3.134671e-01
3.824000e+00	1.038582e-02	9.669973e-02	3.104729e-01
3.828000e+00	1.168390e-02	1.100551e-01	3.069030e-01
3.832000e+00	1.296774e-02	1.232845e-01	3.027607e-01
3.836000e+00	1.423495e-02	1.363633e-01	2.980499e-01
3.840000e+00	1.548315e-02	1.492672e-01	2.927759e-01
3.844000e+00	1.670999e-02	1.619718e-01	2.869447e-01
3.848000e+00	1.791313e-02	1.744530e-01	2.805638e-01
3.852000e+00	1.909027e-02	1.866869e-01	2.736413e-01
3.856000e+00	2.023914e-02	1.986500e-01	2.661867e-01
3.860000e+00	2.135751e-02	2.103190e-01	2.582103e-01
3.864000e+00	2.244318e-02	2.216710e-01	2.497235e-01
3.868000e+00	2.349401e-02	2.326838e-01	2.407388e-01
3.872000e+00	2.450790e-02	2.433352e-01	2.312695e-01
3.876000e+00	2.548282e-02	2.536041e-01	2.213301e-01
3.880000e+00	2.641677e-02	2.634694e-01	2.109359e-01
3.884000e+00	2.730785e-02	2.729110e-01	2.001031e-01
3.888000e+00	2.815419e-02	2.819092e-01	1.888490e-01
3.892000e+00	2.895402e-02	2.904452e-01	1.771915e-01
3.896000e+00	2.970563e-02	2.985009e-01	1.651497e-01
3.900000e+00	3.040739e-02	3.060588e-01	1.527432e-01
3.904000e+00	3.105775e-02	3.131023e-01	1.399926e-01
3.908000e+00	3.165525e-02	3.196158e-01	1.269192e-01
3.912000e+00	3.219852e-02	3.255844e-01	1.135450e-01
3.916000e+00	3.268627e-02	3.309941e-01	9.989276e-02
3.920000e+00	3.311731e-02	3.358319e-01	8.598579e-02
3.924000e+00	3.349056e-02	3.400860e-01	7.184807e-02
3.928000e+00	3.380501e-02	3.437451e-01	5.750417e-02
3.932000e+00	3.405979e-02	3.467995e-01	4.297916e-02
3.936000e+00	3.425410e-02	3.492402e-01	2.829858e-02
3.940000e+00	3.438728e-02	3.510593e-01	1.348846e-02
3.944000e+00	3.445875e-02	3.522502e-01	-1.424839e-03
3.948000e+00	3.446804e-02	3.528073e-01	-1.641457e-02
3.952000e+00	3.441483e-02	3.527261e-01	-3.145370e-02
3.956000e+00	3.429887e-02	3.520034e-01	-4.651495e-02
3.960000e+00	3.412004e-02	3.506371e-01	-6.157085e-02
3.964000e+00	3.387834e-02	3.486262e-01	-7.659377e-02
3.968000e+00	3.357388e-02	3.459710e-01	-9.155600e-02
3.972000e+00	3.320689e-02	3.426730e-01	-1.064298e-01
3.976000e+00	3.277773e-02	3.387348e-01	-1.211874e-01
3.980000e+00	3.228684e-02	3.341605e-01	-1.358011e-01
3.984000e+00	3.173480e-02	3.289549e-01	-1.502433e-01
3.988000e+00	3.112232e-02	3.231245e-01	-1.644867e-01
3.992000e+00	3.045020e-02	3.166767e-01	-1.785040e-01
3.996000e+00	2.971937e-02	3.096203e-01	-1.922685e-01
